2
path_0
339
4555337531 4933623432 0 65535 0 65535 1 1 
4441036289 4933623182 0 65535 0 65535 1 1 
4458045022 4933623187 0 65535 0 65535 1 0 
4473026216 4934527516 0 65535 0 65535 1 1 
4312240089 4934527568 0 65535 0 65535 1 1 
4318368916 4934527582 0 65535 0 65535 1 0 
4328369208 4934530972 0 65535 0 65535 1 0 
4392406421 4934531001 0 65535 0 65535 1 1 
4388911816 4934518099 0 65535 0 65535 1 1 
4534705736 4933617852 0 65535 0 65535 1 1 
4543614746 4933617846 0 65535 0 65535 1 1 
4545406201 4933623685 0 65535 0 65535 1 0 
4539057416 4933623776 0 65535 0 65535 1 1 
4529812416 4933623445 0 65535 0 65535 1 0 
4527609523 4933623472 0 65535 0 65535 1 0 
4527671865 4933623473 0 65535 0 65535 1 0 
4521994837 4933623485 0 65535 0 65535 1 1 
4510001285 4933623232 0 65535 0 65535 1 1 
4511746608 4933623253 0 65535 0 65535 1 1 
4512797437 4933623252 0 65535 0 65535 1 1 
4513069707 4933623262 0 65535 0 65535 1 0 
4507182090 4933623255 0 65535 0 65535 1 0 
4506489490 4933623276 0 65535 0 65535 1 0 
4437951184 4933623219 0 65535 0 65535 1 1 
4450009305 4934527496 0 65535 0 65535 1 0 
4474585713 4934527504 0 65535 0 65535 1 1 
4476325804 4934527525 0 65535 0 65535 1 0 
4463721612 4934527529 0 65535 0 65535 1 1 
4464710742 4934527546 0 65535 0 65535 1 0 
4471121490 4934527547 0 65535 0 65535 1 0 
4467572210 4934527540 0 65535 0 65535 1 1 
4345757472 4934527601 0 65535 0 65535 1 0 
4346335278 4934527600 0 65535 0 65535 1 1 
4353674615 4934527598 0 65535 0 65535 1 1 
4353548005 4934527584 0 65535 0 65535 1 0 
4353497378 4934527583 0 65535 0 65535 1 0 
4349513762 4934527571 0 65535 0 65535 1 0 
4315577981 4934527569 0 65535 0 65535 1 0 
4318144898 4934527580 0 65535 0 65535 1 0 
4317603104 4934527581 0 65535 0 65535 1 0 
4326432950 4934530972 0 65535 0 65535 1 1 
4324442524 4934530971 0 65535 0 65535 1 1 
4320468900 4934530971 0 65535 0 65535 1 1 
4322788726 4934530950 0 65535 0 65535 1 1 
4392309864 4934530988 0 65535 0 65535 1 0 
4392134144 4934530989 0 65535 0 65535 1 0 
4394200694 4934530982 0 65535 0 65535 1 0 
4394854017 4934531044 0 65535 0 65535 1 0 
4390092499 4934531068 0 65535 0 65535 1 1 
4389885117 4934531058 0 65535 0 65535 1 1 
4391177463 4934531013 0 65535 0 65535 1 1 
4388260375 4934531024 0 65535 0 65535 1 0 
4387603132 4934531037 0 65535 0 65535 1 0 
2270934765 4933623759 0 65535 0 65535 1 1 
2261574594 4933623480 0 65535 0 65535 1 0 
2220955928 4933623292 0 65535 0 65535 1 1 
2221932384 4933623214 0 65535 0 65535 1 0 
2219832890 4933623199 0 65535 0 65535 1 0 
2223982157 4934527495 0 65535 0 65535 1 1 
2172925965 4934527594 0 65535 0 65535 1 0 
2175320071 4934527587 0 65535 0 65535 1 0 
2174961981 4934527572 0 65535 0 65535 1 0 
2156897609 4934527572 0 65535 0 65535 1 0 
4472577587 2467263755 0 65535 0 65535 1 1 
4395326918 2467265524 0 65535 0 65535 1 1 
4389932264 2467265527 0 65535 0 65535 1 1 
4388786305 2467259050 0 65535 0 65535 1 1 
4535918694 2466808923 0 65535 0 65535 1 1 
4542467053 2466811859 0 65535 0 65535 1 0 
4516081919 2466811714 0 65535 0 65535 1 0 
4525052636 2466811737 0 65535 0 65535 1 0 
4509888561 2466811618 0 65535 0 65535 1 0 
4509774070 2466811619 0 65535 0 65535 1 1 
4444129359 2466811644 0 65535 0 65535 1 0 
4457752092 2466811596 0 65535 0 65535 1 1 
4450488104 2467263746 0 65535 0 65535 1 0 
4448440595 2467263746 0 65535 0 65535 1 0 
4472766954 2467263758 0 65535 0 65535 1 1 
4473099152 2467263758 0 65535 0 65535 1 1 
4466933268 2467263763 0 65535 0 65535 1 1 
4464015182 2467263763 0 65535 0 65535 1 0 
4470709328 2467263771 0 65535 0 65535 1 0 
4467717424 2467263770 0 65535 0 65535 1 0 
4347983538 2467263805 0 65535 0 65535 1 1 
4392993748 2467265475 0 65535 0 65535 1 0 
4391653470 2467265496 0 65535 0 65535 1 1 
4395075046 2467265522 0 65535 0 65535 1 0 
4390350810 2467265534 0 65535 0 65535 1 0 
4388266288 2467265513 0 65535 0 65535 1 1 
4387572134 2467265516 0 65535 0 65535 1 1 
4387275644 2467259050 0 65535 0 65535 1 0 
2272993984 4933623798 0 65535 0 65535 1 0 
2273824426 4933623568 0 65535 0 65535 1 0 
2276464604 4933623577 0 65535 0 65535 1 0 
2259506680 4933623425 0 65535 0 65535 1 0 
2261619184 4933623457 0 65535 0 65535 1 0 
2255064342 4933623469 0 65535 0 65535 1 1 
2252534218 4933623265 0 65535 0 65535 1 0 
2219584126 4933623226 0 65535 0 65535 1 1 
2229134310 4933623184 0 65535 0 65535 1 1 
2225548641 4934527489 0 65535 0 65535 1 1 
2237379713 4934527502 0 65535 0 65535 1 0 
2237396668 4934527503 0 65535 0 65535 1 1 
2239293903 4934527520 0 65535 0 65535 1 1 
2234850026 4934527545 0 65535 0 65535 1 1 
2173204512 4934527606 0 65535 0 65535 1 0 
2176212774 4934527593 0 65535 0 65535 1 1 
2176599407 4934527592 0 65535 0 65535 1 1 
2176628439 4934527595 0 65535 0 65535 1 0 
2157729331 4934527579 0 65535 0 65535 1 0 
2156956374 4934527579 0 65535 0 65535 1 1 
2158678136 4934527582 0 65535 0 65535 1 0 
2158979314 4934527581 0 65535 0 65535 1 1 
2161079532 4934530971 0 65535 0 65535 1 1 
2196635488 4934530949 0 65535 0 65535 1 1 
2196523753 4934530953 0 65535 0 65535 1 1 
2195788854 4934530992 0 65535 0 65535 1 1 
2195752446 4934531003 0 65535 0 65535 1 0 
2195885678 4934531005 0 65535 0 65535 1 1 
2196208011 4934530999 0 65535 0 65535 1 1 
2196082530 4934530984 0 65535 0 65535 1 1 
2197589260 4934531047 0 65535 0 65535 1 0 
2197682390 4934531043 0 65535 0 65535 1 0 
2194707853 4934531058 0 65535 0 65535 1 0 
2195498072 4934531017 0 65535 0 65535 1 0 
2193938118 4934531030 0 65535 0 65535 1 1 
2193710264 4934518099 0 65535 0 65535 1 0 
4477749066 1233631882 0 65535 0 65535 1 0 
4389849755 1233632764 0 65535 0 65535 1 0 
2236317323 2467263755 0 65535 0 65535 1 0 
1127543920 4933623463 0 65535 0 65535 1 0 
1110016941 4933623178 0 65535 0 65535 1 0 
1119786618 4934527522 0 65535 0 65535 1 0 
1098791034 4934531051 0 65535 0 65535 1 0 
2276757872 2466811791 0 65535 0 65535 1 0 
2275505408 2466811806 0 65535 0 65535 1 1 
2263673593 2466811724 0 65535 0 65535 1 1 
2238232013 2467263761 0 65535 0 65535 1 0 
2163841638 2467265486 0 65535 0 65535 1 1 
2161939037 2467265473 0 65535 0 65535 1 1 
2196330242 2467265498 0 65535 0 65535 1 0 
4560203726 1233405914 0 65535 0 65535 1 1 
4562444838 1233405910 0 65535 0 65535 1 0 
4527970602 1233405859 0 65535 0 65535 1 1 
4522891692 1233405864 0 65535 0 65535 1 0 
4348843722 1233631901 0 65535 0 65535 1 0 
4316910444 1233631893 0 65535 0 65535 1 0 
4324156122 1233632735 0 65535 0 65535 1 1 
4557942076 4933623437 0 65535 0 65535 3 0 
4511274489 4933623244 0 65535 0 65535 3 1 
1087827725 2467263794 0 65535 0 65535 1 0 
1097581342 2467265534 0 65535 0 65535 1 0 
4316751932 4934530972 0 65535 0 65535 3 1 
2229932562 1233405792 0 65535 0 65535 1 1 
2160755064 1233632741 0 65535 0 65535 1 1 
4504827755 2466811635 0 65535 0 65535 2 0 
2194983494 4934531066 0 65535 0 65535 3 0 
2194312004 4934518100 0 65535 0 65535 3 0 
2194344438 4934518100 0 65535 0 65535 2 0 
4474111085 4934527498 0 65535 0 65535 3 0 
4315721176 4934527567 0 65535 0 65535 3 1 
4394271295 4934530976 0 65535 0 65535 3 0 
549307939 4934530980 0 65535 0 65535 1 1 
2196096640 4934530986 0 65535 0 65535 2 1 
2194908216 4934531057 0 65535 0 65535 3 0 
2195690053 4934531011 0 65535 0 65535 2 1 
4544672378 2466811843 0 65535 0 65535 2 0 
4561883520 2466811812 0 65535 0 65535 3 1 
4462137776 2466811583 0 65535 0 65535 2 0 
4321203650 2467265473 0 65535 0 65535 2 0 
4350051172 2467263786 0 65535 0 65535 3 1 
2218932595 4933623217 0 65535 0 65535 3 0 
4444339140 4933623279 0 65535 0 65535 3 1 
2281311894 2466811835 0 65535 0 65535 3 0 
2225671737 2467263743 0 65535 0 65535 3 0 
4467282388 1233631883 0 65535 0 65535 2 1 
2196754652 4934530954 0 65535 0 65535 3 1 
4388504563 2467259047 0 65535 0 65535 3 0 
4389182613 2467259050 0 65535 0 65535 4 0 
2262991454 4933623444 0 65535 0 65535 3 0 
2196769675 4934531053 0 65535 0 65535 4 0 
1118754409 4934527510 0 65535 0 65535 4 1 
4394655135 1233632759 0 65535 0 65535 3 1 
4316834591 2467265486 0 65535 0 65535 4 1 
8873810 4933623715 0 65535 0 65535 1 0 
8876634 4933623736 0 65535 0 65535 1 1 
8800116 4933623285 0 65535 0 65535 1 0 
4459445938 19271963 0 65535 0 65535 1 1 
4476410977 19275498 0 65535 0 65535 1 0 
1097423187 2467265504 0 65535 0 65535 3 0 
17680997 2466811726 0 65535 0 65535 1 0 
17158629 2467265498 0 65535 0 65535 1 1 
4388372050 4818863 0 65535 0 65535 1 1 
8865105 4933623802 0 65535 0 65535 1 0 
8801918 4933623278 0 65535 0 65535 1 0 
8668094 4933623227 0 65535 0 65535 1 1 
8731323 4934527540 0 65535 0 65535 1 1 
8491969 4934527613 0 65535 0 65535 1 0 
8570212 4934531029 0 65535 0 65535 1 1 
8570579 4934531026 0 65535 0 65535 1 0 
8570475 4934531031 0 65535 0 65535 1 0 
4350806035 4818874 0 65535 0 65535 1 1 
4393191544 4818875 0 65535 0 65535 1 0 
4394921391 4818875 0 65535 0 65535 1 0 
4391322967 4818875 0 65535 0 65535 1 0 
4387714151 4818875 0 65535 0 65535 1 0 
4387760873 4818875 0 65535 0 65535 1 0 
2172993751 4818874 0 65535 0 65535 1 1 
2194638787 4818863 0 65535 0 65535 1 1 
4447038 4933623562 0 65535 0 65535 1 1 
4338735 4933623205 0 65535 0 65535 1 0 
17418824 4933623195 0 65535 0 65535 3 1 
2266104171 4817986 0 65535 0 65535 1 0 
2264064504 4817989 0 65535 0 65535 1 1 
2252610026 4817989 0 65535 0 65535 1 1 
2236142096 4818874 0 65535 0 65535 1 1 
2160581839 4818875 0 65535 0 65535 1 1 
4457306260 2408993 0 65535 0 65535 1 1 
1086762495 9637747 0 65535 0 65535 1 1 
1098007683 9637753 0 65535 0 65535 1 1 
1097188596 9637730 0 65535 0 65535 1 0 
1086660749 4818874 0 65535 0 65535 1 0 
1097308785 4818863 0 65535 0 65535 1 1 
1137875603 4817989 0 65535 0 65535 1 1 
1139813377 4817989 0 65535 0 65535 1 0 
1127144873 4817989 0 65535 0 65535 1 0 
4226079 616816369 0 65535 0 65535 1 0 
8494989 4934527605 0 65535 0 65535 3 0 
8436792 308407971 0 65535 0 65535 1 0 
4388570092 4934518100 0 65535 0 65535 1 0 
8677759 4933623208 0 65535 0 65535 4 0 
4351579974 4934527585 0 65535 0 65535 1 1 
4475677468 4934527526 0 65535 0 65535 1 1 
2196981892 4934530978 0 65535 0 65535 1 1 
4551850000 4933623654 0 65535 0 65535 1 0 
4509977012 4933623233 0 65535 0 65535 1 0 
4512743765 4933623249 0 65535 0 65535 1 1 
4345427333 4934527604 0 65535 0 65535 1 0 
4392871444 4934530958 0 65535 0 65535 1 0 
4392039590 4934530987 0 65535 0 65535 1 1 
4387988205 4934531015 0 65535 0 65535 1 1 
4389210502 4934518099 0 65535 0 65535 1 0 
4389811004 2467265504 0 65535 0 65535 1 1 
4388599766 2467259050 0 65535 0 65535 1 0 
2272849994 4933623696 0 65535 0 65535 1 1 
2277532255 4933623433 0 65535 0 65535 1 0 
2233291045 4934527530 0 65535 0 65535 1 1 
2157029726 4934527580 0 65535 0 65535 1 1 
2196787773 4934531054 0 65535 0 65535 1 0 
2197319679 4934531043 0 65535 0 65535 1 0 
4440003988 2466811589 0 65535 0 65535 1 1 
1110450180 4933623212 0 65535 0 65535 1 0 
1133526367 4933617842 0 65535 0 65535 1 1 
1117033606 4934527539 0 65535 0 65535 1 1 
4523325797 77087866 0 65535 0 65535 1 0 
4393982478 38551021 0 65535 0 65535 1 0 
4395390681 38551021 0 65535 0 65535 1 0 
33981025 4934527571 0 65535 0 65535 1 1 
4440750239 19271963 0 65535 0 65535 1 1 
4324268814 19275509 0 65535 0 65535 1 0 
4505473389 4933623268 0 65535 0 65535 1 0 
4439113109 4933623224 0 65535 0 65535 1 1 
4473397760 4934527500 0 65535 0 65535 1 1 
4348557086 4934527614 0 65535 0 65535 1 0 
4392489611 4934530995 0 65535 0 65535 1 0 
4390645257 4934531007 0 65535 0 65535 1 1 
4390982632 4934531019 0 65535 0 65535 1 0 
4387486068 4934531036 0 65535 0 65535 1 0 
2279314439 38543931 0 65535 0 65535 1 1 
2227950563 9637747 0 65535 0 65535 1 0 
16983366 2467263805 0 65535 0 65535 1 1 
4474345935 2467263752 0 65535 0 65535 1 1 
2252686864 4933623283 0 65535 0 65535 1 0 
8870129 4933623746 0 65535 0 65535 1 0 
8692190 4934527490 0 65535 0 65535 1 0 
8731999 4934527550 0 65535 0 65535 1 1 
8577228 4934531004 0 65535 0 65535 1 0 
4548964140 4817989 0 65535 0 65535 1 1 
8579670 2467265477 0 65535 0 65535 1 0 
8576402 2467265510 0 65535 0 65535 1 0 
2219052353 4817989 0 65535 0 65535 1 0 
2172952327 4818874 0 65535 0 65535 1 1 
2156235360 4818874 0 65535 0 65535 1 0 
2163276153 2409438 0 65535 0 65535 1 0 
4478486680 19275498 0 65535 0 65535 1 1 
2173952428 38550996 0 65535 0 65535 1 0 
8801338 38543929 0 65535 0 65535 1 1 
8429068 4934527570 0 65535 0 65535 1 0 
8576041 4934531020 0 65535 0 65535 1 1 
17480093 2467263753 0 65535 0 65535 1 1 
17148367 2467265531 0 65535 0 65535 1 0 
2194804121 4818875 0 65535 0 65535 1 0 
4393397890 2409438 0 65535 0 65535 1 0 
559935073 9637747 0 65535 0 65535 1 0 
1111510926 2409435 0 65535 0 65535 1 0 
8434458 150587 0 65535 0 65535 1 0 
8867154 150562 0 65535 0 65535 1 1 
17602095 75279 0 65535 0 65535 1 0 
8877089 75279 0 65535 0 65535 1 0 
8488551 75294 0 65535 0 65535 1 0 
17798405 37640 0 65535 0 65535 1 0 
4348509 150587 0 65535 0 65535 1 0 
8490016 37645 0 65535 0 65535 1 0 
17472445 18821 0 65535 0 65535 1 0 
4364187 146 0 65535 0 65535 1 1 
8580724 146 0 65535 0 65535 1 0 
8889832 146 0 65535 0 65535 1 1 
8424594 146 0 65535 0 65535 1 0 
17759734 146 0 65535 0 65535 1 1 
8572759 146 0 65535 0 65535 1 1 
4425046 146 0 65535 0 65535 1 0 
4441883 146 0 65535 0 65535 1 1 
4290240 146 0 65535 0 65535 1 1 
4290920 146 0 65535 0 65535 1 0 
8584757 146 0 65535 0 65535 1 0 
17349333 146 0 65535 0 65535 1 0 
8697712 146 0 65535 0 65535 1 0 
8573726 146 0 65535 0 65535 1 0 
4289860 146 0 65535 0 65535 1 0 
535 146 0 65535 0 65535 1 0 
518 146 0 65535 0 65535 1 1 
266 146 0 65535 0 65535 1 0 
257 146 0 65535 0 65535 1 0 
259 146 0 65535 0 65535 1 1 
15 146 0 65535 0 65535 1 0 
15 146 0 65535 0 65535 1 1 
15 146 0 65535 0 65535 1 1 
15 146 0 65535 0 65535 1 0 
15 146 0 65535 0 65535 1 0 
15 146 0 65535 0 65535 1 1 
15 146 0 65535 0 65535 1 0 
15 146 0 65535 0 65535 1 0 
15 146 0 65535 0 65535 1 1 
527 146 0 65535 0 65535 1 0 
15 146 0 65535 0 65535 1 0 
15 146 0 65535 0 65535 1 1 
15 146 0 65535 0 65535 1 1 
15 146 0 65535 0 65535 1 1 
15 146 0 65535 0 65535 1 0 
path_1
431
4543255999 6128861105 0 65535 0 65535 1 0 
4547732572 6128861105 0 65535 0 65535 1 1 
4523895194 6128861105 0 65535 0 65535 1 0 
4440051746 6128861105 0 65535 0 65535 1 0 
4461159450 6128861105 0 65535 0 65535 1 0 
4472084085 6128861105 0 65535 0 65535 1 1 
4463876077 6128861105 0 65535 0 65535 1 0 
4346224547 6128861105 0 65535 0 65535 1 1 
4349623892 6128861105 0 65535 0 65535 1 1 
4324362615 6128861105 0 65535 0 65535 1 0 
4394040584 6128861105 0 65535 0 65535 1 0 
4531955356 6128861105 0 65535 0 65535 1 0 
4532304968 6128861105 0 65535 0 65535 1 1 
4541079181 6128861105 0 65535 0 65535 1 1 
4549676002 6128861105 0 65535 0 65535 1 1 
4553351482 6128861105 0 65535 0 65535 1 1 
4520819839 6128861105 0 65535 0 65535 1 0 
4522936758 6128861105 0 65535 0 65535 1 0 
4510493648 6128861105 0 65535 0 65535 1 1 
4510703162 6128861105 0 65535 0 65535 1 1 
4509244690 6128861105 0 65535 0 65535 1 0 
4512943796 6128861105 0 65535 0 65535 1 0 
4507097061 6128861105 0 65535 0 65535 1 0 
4505541700 6128861105 0 65535 0 65535 1 0 
4445819153 6128861105 0 65535 0 65535 1 1 
4441955239 6128861105 0 65535 0 65535 1 1 
4440400481 6128861105 0 65535 0 65535 1 0 
4475847125 6128861105 0 65535 0 65535 1 1 
4478054776 6128861105 0 65535 0 65535 1 1 
4464958854 6128861105 0 65535 0 65535 1 1 
4465547717 6128861105 0 65535 0 65535 1 0 
4470808825 6128861105 0 65535 0 65535 1 1 
4348118408 6128861105 0 65535 0 65535 1 1 
4348421368 6128861105 0 65535 0 65535 1 1 
4348784539 6128861105 0 65535 0 65535 1 1 
4348744434 6128861105 0 65535 0 65535 1 0 
4348519204 6128861105 0 65535 0 65535 1 1 
4349161032 6128861105 0 65535 0 65535 1 1 
4348999075 6128861105 0 65535 0 65535 1 0 
4347101030 6128861105 0 65535 0 65535 1 0 
4353009875 6128861105 0 65535 0 65535 1 0 
4351066208 6128861105 0 65535 0 65535 1 1 
4350942868 6128861105 0 65535 0 65535 1 0 
4312462501 6128861105 0 65535 0 65535 1 0 
4312284473 6128861105 0 65535 0 65535 1 1 
4311873037 6128861105 0 65535 0 65535 1 1 
4315860499 6128861105 0 65535 0 65535 1 0 
4315763880 6128861105 0 65535 0 65535 1 0 
4314408829 6128861105 0 65535 0 65535 1 1 
4319275042 6128861105 0 65535 0 65535 1 1 
4319573979 6128861105 0 65535 0 65535 1 0 
4326595481 6128861105 0 65535 0 65535 1 1 
4324635067 6128861105 0 65535 0 65535 1 0 
4325115479 6128861105 0 65535 0 65535 1 1 
4326056865 6128861105 0 65535 0 65535 1 1 
4326126423 6128861105 0 65535 0 65535 1 0 
4322714735 6128861105 0 65535 0 65535 1 1 
4322541620 6128861105 0 65535 0 65535 1 0 
4391695287 6128861105 0 65535 0 65535 1 0 
4391719315 6128861105 0 65535 0 65535 1 0 
4394386840 6128861105 0 65535 0 65535 1 1 
4395566475 6128861105 0 65535 0 65535 1 1 
4395214689 6128861105 0 65535 0 65535 1 1 
4394802229 6128861105 0 65535 0 65535 1 0 
4394635173 6128861105 0 65535 0 65535 1 1 
4389874834 6128861105 0 65535 0 65535 1 1 
4389705612 6128861105 0 65535 0 65535 1 1 
4390433977 6128861105 0 65535 0 65535 1 0 
4388154303 6128861105 0 65535 0 65535 1 0 
4388066032 6128861105 0 65535 0 65535 1 1 
4387735035 6128861105 0 65535 0 65535 1 0 
4387665902 6128861105 0 65535 0 65535 1 0 
4387430076 6128861105 0 65535 0 65535 1 0 
4389291481 6128861105 0 65535 0 65535 1 1 
4389066929 6128861105 0 65535 0 65535 1 0 
4388768177 6128861105 0 65535 0 65535 1 1 
2271527408 6128861105 0 65535 0 65535 1 1 
2280205433 6128861105 0 65535 0 65535 1 0 
2257372553 6128861105 0 65535 0 65535 1 0 
2253675580 6128861105 0 65535 0 65535 1 0 
2228094726 6128861105 0 65535 0 65535 1 1 
2225123267 6128861105 0 65535 0 65535 1 0 
2160339511 6128861105 0 65535 0 65535 1 0 
2193621260 6128861105 0 65535 0 65535 1 1 
4507913838 3064430551 0 65535 0 65535 1 0 
4444733460 3064430551 0 65535 0 65535 1 0 
4462448392 3064430551 0 65535 0 65535 1 0 
4448288047 3064430551 0 65535 0 65535 1 1 
4470241819 3064430551 0 65535 0 65535 1 0 
4468334316 3064430551 0 65535 0 65535 1 0 
4315618495 3064430551 0 65535 0 65535 1 1 
4391661587 3064430551 0 65535 0 65535 1 1 
4392185602 3064430551 0 65535 0 65535 1 0 
4395150599 3064430551 0 65535 0 65535 1 1 
4391055826 3064430551 0 65535 0 65535 1 1 
4388704817 3064430551 0 65535 0 65535 1 1 
4536042595 3064430551 0 65535 0 65535 1 0 
4535710195 3064430551 0 65535 0 65535 1 0 
4543868910 3064430551 0 65535 0 65535 1 1 
4544560221 3064430551 0 65535 0 65535 1 1 
4551356667 3064430551 0 65535 0 65535 1 0 
4560688201 3064430551 0 65535 0 65535 1 0 
4557367331 3064430551 0 65535 0 65535 1 0 
4515772336 3064430551 0 65535 0 65535 1 1 
4521625904 3064430551 0 65535 0 65535 1 0 
4509607472 3064430551 0 65535 0 65535 1 1 
4509321982 3064430551 0 65535 0 65535 1 1 
4511648450 3064430551 0 65535 0 65535 1 1 
4508698027 3064430551 0 65535 0 65535 1 0 
4505150856 3064430551 0 65535 0 65535 1 1 
4445328750 3064430551 0 65535 0 65535 1 1 
4438235103 3064430551 0 65535 0 65535 1 1 
4440711626 3064430551 0 65535 0 65535 1 1 
4461241322 3064430551 0 65535 0 65535 1 0 
4478102600 3064430551 0 65535 0 65535 1 1 
4465750428 3064430551 0 65535 0 65535 1 0 
4466982374 3064430551 0 65535 0 65535 1 0 
4348616343 3064430551 0 65535 0 65535 1 0 
4346684615 3064430551 0 65535 0 65535 1 0 
4350241966 3064430551 0 65535 0 65535 1 1 
4313033666 3064430551 0 65535 0 65535 1 0 
4314919577 3064430551 0 65535 0 65535 1 0 
4315000701 3064430551 0 65535 0 65535 1 1 
4324335854 3064430551 0 65535 0 65535 1 1 
4321871712 3064430551 0 65535 0 65535 1 0 
4321690687 3064430551 0 65535 0 65535 1 0 
4323947173 3064430551 0 65535 0 65535 1 1 
4393022845 3064430551 0 65535 0 65535 1 1 
4394384298 3064430551 0 65535 0 65535 1 0 
4389377031 3064430551 0 65535 0 65535 1 0 
4389517069 3064430551 0 65535 0 65535 1 0 
4390560103 3064430551 0 65535 0 65535 1 1 
4387829869 3064430551 0 65535 0 65535 1 1 
4389055474 3064430551 0 65535 0 65535 1 1 
4388314168 3064430551 0 65535 0 65535 1 1 
2279429690 6128861105 0 65535 0 65535 1 1 
2259142606 6128861105 0 65535 0 65535 1 0 
2255097169 6128861105 0 65535 0 65535 1 0 
2252949586 6128861105 0 65535 0 65535 1 1 
2235682194 6128861105 0 65535 0 65535 1 0 
2238393553 6128861105 0 65535 0 65535 1 0 
2234829754 6128861105 0 65535 0 65535 1 1 
2233723187 6128861105 0 65535 0 65535 1 1 
2173960241 6128861105 0 65535 0 65535 1 0 
2174114201 6128861105 0 65535 0 65535 1 0 
2174665955 6128861105 0 65535 0 65535 1 0 
2173288984 6128861105 0 65535 0 65535 1 0 
2176474434 6128861105 0 65535 0 65535 1 1 
2176725543 6128861105 0 65535 0 65535 1 0 
2174788604 6128861105 0 65535 0 65535 1 1 
2175048529 6128861105 0 65535 0 65535 1 1 
2158551599 6128861105 0 65535 0 65535 1 0 
2163514768 6128861105 0 65535 0 65535 1 1 
2160715827 6128861105 0 65535 0 65535 1 1 
2196622005 6128861105 0 65535 0 65535 1 1 
2197379837 6128861105 0 65535 0 65535 1 1 
2195326134 6128861105 0 65535 0 65535 1 1 
2193683807 6128861105 0 65535 0 65535 1 0 
4453745190 1532215276 0 65535 0 65535 1 1 
4465972946 1532215276 0 65535 0 65535 1 1 
4347178163 1532215276 0 65535 0 65535 1 0 
4311933493 1532215276 0 65535 0 65535 1 1 
1118465829 6128861105 0 65535 0 65535 1 1 
1116953709 6128861105 0 65535 0 65535 1 1 
2235810661 3064430551 0 65535 0 65535 1 0 
2196368134 3064430551 0 65535 0 65535 1 1 
1135329559 6128861105 0 65535 0 65535 1 0 
2262138054 3064430551 0 65535 0 65535 1 0 
2222927771 3064430551 0 65535 0 65535 1 0 
2159361081 3064430551 0 65535 0 65535 1 1 
2195288329 3064430551 0 65535 0 65535 1 0 
4555528463 1532215276 0 65535 0 65535 1 1 
4521773003 1532215276 0 65535 0 65535 1 0 
4444124565 1532215276 0 65535 0 65535 1 0 
4441001631 1532215276 0 65535 0 65535 1 1 
4394558501 1532215276 0 65535 0 65535 1 1 
4394124658 1532215276 0 65535 0 65535 1 1 
4395211963 1532215276 0 65535 0 65535 1 1 
4389993885 1532215276 0 65535 0 65535 1 1 
4390466075 1532215276 0 65535 0 65535 1 0 
4443260631 6128861105 0 65535 0 65535 2 1 
1127649993 3064430551 0 65535 0 65535 1 0 
4461063368 6128861105 0 65535 0 65535 3 1 
4471618464 6128861105 0 65535 0 65535 3 0 
4465293593 6128861105 0 65535 0 65535 3 1 
4318949556 6128861105 0 65535 0 65535 3 1 
4390895278 6128861105 0 65535 0 65535 2 0 
4391371893 6128861105 0 65535 0 65535 2 0 
2256974551 1532215276 0 65535 0 65535 1 1 
4347444243 766107638 0 65535 0 65535 1 1 
2197388834 6128861105 0 65535 0 65535 2 0 
4328475412 6128861105 0 65535 0 65535 3 0 
4454231326 6128861105 0 65535 0 65535 1 0 
4559097145 6128861105 0 65535 0 65535 3 1 
4558893907 3064430551 0 65535 0 65535 3 1 
4445988274 3064430551 0 65535 0 65535 2 0 
4391793424 3064430551 0 65535 0 65535 2 1 
4389466358 3064430551 0 65535 0 65535 3 0 
4388815518 3064430551 0 65535 0 65535 3 1 
4511164898 6128861105 0 65535 0 65535 5 1 
2194009424 766107638 0 65535 0 65535 1 0 
4473892407 1532215276 0 65535 0 65535 2 0 
1111203653 6128861105 0 65535 0 65535 3 1 
2158576327 3064430551 0 65535 0 65535 2 0 
4389118119 6128861105 0 65535 0 65535 3 0 
4314561118 6128861105 0 65535 0 65535 5 1 
4395160971 6128861105 0 65535 0 65535 4 1 
4444842747 1532215276 0 65535 0 65535 3 0 
2278490251 6128861105 0 65535 0 65535 3 1 
2258544200 6128861105 0 65535 0 65535 3 1 
4389551500 3064430551 0 65535 0 65535 4 0 
4536474423 6128861105 0 65535 0 65535 4 1 
4325766618 6128861105 0 65535 0 65535 4 0 
2231810221 6128861105 0 65535 0 65535 3 0 
2156944082 6128861105 0 65535 0 65535 3 1 
2160693794 6128861105 0 65535 0 65535 3 0 
2269438375 3064430551 0 65535 0 65535 3 0 
2174983957 3064430551 0 65535 0 65535 3 1 
2195916576 3064430551 0 65535 0 65535 4 0 
35202091 6128861105 0 65535 0 65535 1 0 
34326021 6128861105 0 65535 0 65535 1 1 
4556572748 3064430551 0 65535 0 65535 3 0 
4479235040 3064430551 0 65535 0 65535 3 1 
8443041 6128861105 0 65535 0 65535 1 0 
8582888 6128861105 0 65535 0 65535 1 0 
8583909 6128861105 0 65535 0 65535 1 1 
17167967 3064430551 0 65535 0 65535 1 0 
17143149 3064430551 0 65535 0 65535 1 1 
17637504 6128861105 0 65535 0 65535 1 0 
17642735 6128861105 0 65535 0 65535 1 1 
16997565 6128861105 0 65535 0 65535 1 0 
17142363 6128861105 0 65535 0 65535 1 1 
2175282361 3064430551 0 65535 0 65535 4 1 
16882988 3064430551 0 65535 0 65535 1 0 
8872172 6128861105 0 65535 0 65535 1 0 
8682597 6128861105 0 65535 0 65535 1 0 
8729006 6128861105 0 65535 0 65535 1 0 
8580145 6128861105 0 65535 0 65535 1 0 
4446144373 5985213 0 65535 0 65535 1 0 
4393572529 5985213 0 65535 0 65535 1 0 
4388210453 5985213 0 65535 0 65535 1 0 
4387360115 5985213 0 65535 0 65535 1 0 
1134449827 11970429 0 65535 0 65535 1 0 
1086423749 11970429 0 65535 0 65535 1 0 
2255423761 11970429 0 65535 0 65535 1 0 
2252903006 11970429 0 65535 0 65535 1 1 
2238199056 11970429 0 65535 0 65535 1 0 
2175988012 11970429 0 65535 0 65535 1 1 
2157545363 11970429 0 65535 0 65535 1 0 
2195139684 11970429 0 65535 0 65535 1 1 
8582028 3064430551 0 65535 0 65535 1 0 
1119665549 23940861 0 65535 0 65535 1 1 
2219507502 5985213 0 65535 0 65535 1 1 
2232569923 5985213 0 65535 0 65535 1 0 
2174750327 5985213 0 65535 0 65535 1 0 
4317501238 2992605 0 65535 0 65535 1 0 
1081080522 5985213 0 65535 0 65535 1 1 
17161811 6128861105 0 65535 0 65535 2 1 
1115380704 5985213 0 65535 0 65535 1 0 
2196431200 2992605 0 65535 0 65535 1 1 
8748229 383053817 0 65535 0 65535 1 0 
8581893 383053817 0 65535 0 65535 1 0 
17369001 191526907 0 65535 0 65535 1 0 
4356091 766107638 0 65535 0 65535 1 1 
17411160 6128861105 0 65535 0 65535 3 1 
4320885242 6128861105 0 65535 0 65535 1 0 
4389038995 6128861105 0 65535 0 65535 1 1 
4507995913 6128861105 0 65535 0 65535 1 0 
4445950109 6128861105 0 65535 0 65535 1 1 
4439403245 6128861105 0 65535 0 65535 1 1 
4348882978 6128861105 0 65535 0 65535 1 0 
4538532399 6128861105 0 65535 0 65535 1 1 
4519730256 6128861105 0 65535 0 65535 1 0 
4508976811 6128861105 0 65535 0 65535 1 1 
4441772312 6128861105 0 65535 0 65535 1 1 
4442740214 6128861105 0 65535 0 65535 1 1 
4441081043 6128861105 0 65535 0 65535 1 1 
4465828671 6128861105 0 65535 0 65535 1 0 
4348306764 6128861105 0 65535 0 65535 1 1 
4345810690 6128861105 0 65535 0 65535 1 1 
4353188822 6128861105 0 65535 0 65535 1 0 
4312408545 6128861105 0 65535 0 65535 1 1 
4321563878 6128861105 0 65535 0 65535 1 0 
4387978489 6128861105 0 65535 0 65535 1 1 
4388134874 6128861105 0 65535 0 65535 1 0 
2278797911 6128861105 0 65535 0 65535 1 1 
4387895223 3064430551 0 65535 0 65535 1 0 
4389244079 3064430551 0 65535 0 65535 1 0 
4439759688 3064430551 0 65535 0 65535 1 1 
2280259857 6128861105 0 65535 0 65535 1 1 
2222959854 6128861105 0 65535 0 65535 1 0 
2221236619 6128861105 0 65535 0 65535 1 0 
4526408630 3064430551 0 65535 0 65535 1 1 
4350783851 3064430551 0 65535 0 65535 1 0 
4324809448 3064430551 0 65535 0 65535 1 0 
2277788587 3064430551 0 65535 0 65535 1 1 
2220641766 3064430551 0 65535 0 65535 1 0 
1135419258 6128861105 0 65535 0 65535 1 1 
2229331276 3064430551 0 65535 0 65535 1 0 
1079556373 3064430551 0 65535 0 65535 1 0 
4549889341 47881725 0 65535 0 65535 1 0 
4457064114 23940861 0 65535 0 65535 1 0 
4526274889 23940861 0 65535 0 65535 1 1 
4476529942 23940861 0 65535 0 65535 1 1 
4352068501 23940861 0 65535 0 65535 1 0 
17793008 3064430551 0 65535 0 65535 1 1 
17146750 3064430551 0 65535 0 65535 1 0 
4544014960 6128861105 0 65535 0 65535 1 1 
4528923872 6128861105 0 65535 0 65535 1 1 
4523630365 6128861105 0 65535 0 65535 1 0 
4449302380 6128861105 0 65535 0 65535 1 1 
4477787131 6128861105 0 65535 0 65535 1 1 
2255213720 47881725 0 65535 0 65535 1 0 
2175188719 47881725 0 65535 0 65535 1 0 
17354350 6128861105 0 65535 0 65535 1 1 
2225440498 11970429 0 65535 0 65535 1 0 
2174821004 11970429 0 65535 0 65535 1 0 
17154856 3064430551 0 65535 0 65535 1 0 
8669604 6128861105 0 65535 0 65535 1 0 
8702061 6128861105 0 65535 0 65535 1 1 
8571391 6128861105 0 65535 0 65535 1 0 
2196471444 23940861 0 65535 0 65535 1 0 
2172687971 11970429 0 65535 0 65535 1 0 
2193894632 11970429 0 65535 0 65535 1 0 
4538119483 5985213 0 65535 0 65535 1 1 
4532466619 5985213 0 65535 0 65535 1 1 
4508492052 5985213 0 65535 0 65535 1 1 
4391012247 5985213 0 65535 0 65535 1 0 
1116148968 23940861 0 65535 0 65535 1 1 
1113806091 6128861105 0 65535 0 65535 1 1 
2266569381 3064430551 0 65535 0 65535 1 0 
2234092695 3064430551 0 65535 0 65535 1 0 
2174601361 5985213 0 65535 0 65535 1 0 
1130102755 11970429 0 65535 0 65535 1 0 
555054909 11970429 0 65535 0 65535 1 0 
4251340 3064430551 0 65535 0 65535 1 0 
548553107 11970429 0 65535 0 65535 1 0 
4347288642 47881725 0 65535 0 65535 1 0 
4461884838 23940861 0 65535 0 65535 1 0 
2175951475 47881725 0 65535 0 65535 1 0 
8743892 6128861105 0 65535 0 65535 1 1 
4474561250 11970429 0 65535 0 65535 1 0 
4390968174 11970429 0 65535 0 65535 1 0 
4387498944 11970429 0 65535 0 65535 1 0 
17810393 3064430551 0 65535 0 65535 1 1 
16904257 3064430551 0 65535 0 65535 1 0 
4468357353 5985213 0 65535 0 65535 1 0 
4352711116 5985213 0 65535 0 65535 1 1 
4313236100 5985213 0 65535 0 65535 1 0 
4390938955 5985213 0 65535 0 65535 1 1 
2254414942 11970429 0 65535 0 65535 1 0 
2196810701 5985213 0 65535 0 65535 1 0 
2183615 6128861105 0 65535 0 65535 1 1 
8905527 95763454 0 65535 0 65535 1 1 
8847007 187035 0 65535 0 65535 1 1 
17620110 46757 0 65535 0 65535 1 0 
8488126 93518 0 65535 0 65535 1 0 
8731349 46757 0 65535 0 65535 1 1 
8575534 46757 0 65535 0 65535 1 1 
17149918 23377 0 65535 0 65535 1 0 
8820673 187035 0 65535 0 65535 1 0 
8584254 187035 0 65535 0 65535 1 0 
4212888 187035 0 65535 0 65535 1 0 
17158955 23377 0 65535 0 65535 1 1 
4284493 93518 0 65535 0 65535 1 1 
17353035 181 0 65535 0 65535 1 1 
8889832 181 0 65535 0 65535 1 1 
8424594 181 0 65535 0 65535 1 0 
17759734 181 0 65535 0 65535 1 1 
8572759 181 0 65535 0 65535 1 1 
4425046 181 0 65535 0 65535 1 0 
4441883 181 0 65535 0 65535 1 1 
4290240 181 0 65535 0 65535 1 1 
4290920 181 0 65535 0 65535 1 0 
16997588 181 0 65535 0 65535 1 0 
8584757 181 0 65535 0 65535 1 0 
17349333 181 0 65535 0 65535 1 0 
15 46757 0 65535 0 65535 1 1 
8697712 181 0 65535 0 65535 1 0 
8573726 181 0 65535 0 65535 1 0 
15 46757 0 65535 0 65535 1 0 
15 23377 0 65535 0 65535 1 1 
4289860 181 0 65535 0 65535 1 0 
15 11687 0 65535 0 65535 1 1 
15 11687 0 65535 0 65535 1 0 
15 23377 0 65535 0 65535 1 0 
15 23377 0 65535 0 65535 1 0 
15 11687 0 65535 0 65535 1 0 
15 11687 0 65535 0 65535 1 1 
15 5844 0 65535 0 65535 1 0 
15 5844 0 65535 0 65535 1 0 
15 5844 0 65535 0 65535 1 1 
15 2922 0 65535 0 65535 1 0 
15 1459 0 65535 0 65535 1 1 
535 181 0 65535 0 65535 1 0 
15 730 0 65535 0 65535 1 0 
15 730 0 65535 0 65535 1 1 
15 730 0 65535 0 65535 1 1 
15 730 0 65535 0 65535 1 0 
15 363 0 65535 0 65535 1 1 
15 363 0 65535 0 65535 1 1 
518 181 0 65535 0 65535 1 1 
266 181 0 65535 0 65535 1 0 
257 181 0 65535 0 65535 1 0 
259 181 0 65535 0 65535 1 1 
15 363 0 65535 0 65535 1 0 
15 363 0 65535 0 65535 1 1 
15 46757 0 65535 0 65535 1 0 
15 23377 0 65535 0 65535 1 0 
15 11687 0 65535 0 65535 1 1 
15 5844 0 65535 0 65535 1 0 
15 2922 0 65535 0 65535 1 1 
15 363 0 65535 0 65535 1 1 
15 181 0 65535 0 65535 1 1 
15 181 0 65535 0 65535 1 0 
15 181 0 65535 0 65535 1 1 
15 181 0 65535 0 65535 1 1 
15 181 0 65535 0 65535 1 0 
15 181 0 65535 0 65535 1 0 
15 181 0 65535 0 65535 1 1 
15 181 0 65535 0 65535 1 0 
15 730 0 65535 0 65535 1 1 
15 181 0 65535 0 65535 1 0 
15 181 0 65535 0 65535 1 1 
527 181 0 65535 0 65535 1 0 
15 181 0 65535 0 65535 1 0 
15 181 0 65535 0 65535 1 1 
15 363 0 65535 0 65535 1 1 
15 181 0 65535 0 65535 1 1 
15 181 0 65535 0 65535 1 1 
15 181 0 65535 0 65535 1 0 

